<html>
<head><meta charset="utf-8" /></head>
<body>
    <div>                        <script type="text/javascript">window.PlotlyConfig = {MathJaxConfig: 'local'};</script>
        <script charset="utf-8" src="https://cdn.plot.ly/plotly-2.35.2.min.js"></script>                <div id="51e06f40-a6cb-42f1-8603-1ddb92ea48b5" class="plotly-graph-div" style="height:100%; width:100%;"></div>            <script type="text/javascript">                                    window.PLOTLYENV=window.PLOTLYENV || {};                                    if (document.getElementById("51e06f40-a6cb-42f1-8603-1ddb92ea48b5")) {                    Plotly.newPlot(                        "51e06f40-a6cb-42f1-8603-1ddb92ea48b5",                        [{"coloraxis":"coloraxis","name":"0","texttemplate":"%{z}","x":["HeartDiseaseorAttack","HighBP","HighChol","CholCheck","BMI","Smoker","Stroke","Diabetes","PhysActivity","Fruits","Veggies","HvyAlcoholConsump","AnyHealthcare","NoDocbcCost","GenHlth","MentHlth","PhysHlth","DiffWalk","Sex","Age","Education","Income"],"y":["HeartDiseaseorAttack","HighBP","HighChol","CholCheck","BMI","Smoker","Stroke","Diabetes","PhysActivity","Fruits","Veggies","HvyAlcoholConsump","AnyHealthcare","NoDocbcCost","GenHlth","MentHlth","PhysHlth","DiffWalk","Sex","Age","Education","Income"],"z":[[1.0,0.209,0.181,0.044,0.053,0.114,0.203,0.18,-0.087,-0.02,-0.039,-0.029,0.019,0.031,0.258,0.065,0.182,0.213,0.086,0.222,-0.1,-0.141],[0.209,1.0,0.298,0.099,0.214,0.097,0.13,0.272,-0.125,-0.041,-0.061,-0.004,0.038,0.017,0.301,0.056,0.161,0.224,0.052,0.344,-0.141,-0.171],[0.181,0.298,1.0,0.086,0.107,0.091,0.093,0.209,-0.078,-0.041,-0.04,-0.012,0.042,0.013,0.208,0.062,0.122,0.145,0.031,0.272,-0.071,-0.085],[0.044,0.099,0.086,1.0,0.034,-0.01,0.024,0.068,0.004,0.024,0.006,-0.024,0.118,-0.058,0.047,-0.008,0.032,0.041,-0.022,0.09,0.002,0.014],[0.053,0.214,0.107,0.034,1.0,0.014,0.02,0.224,-0.147,-0.088,-0.062,-0.049,-0.018,0.058,0.239,0.085,0.121,0.197,0.043,-0.037,-0.104,-0.1],[0.114,0.097,0.091,-0.01,0.014,1.0,0.061,0.063,-0.087,-0.078,-0.031,0.102,-0.023,0.049,0.163,0.092,0.116,0.122,0.094,0.121,-0.162,-0.124],[0.203,0.13,0.093,0.024,0.02,0.061,1.0,0.107,-0.069,-0.013,-0.041,-0.017,0.009,0.035,0.178,0.07,0.149,0.177,0.003,0.127,-0.076,-0.129],[0.18,0.272,0.209,0.068,0.224,0.063,0.107,1.0,-0.122,-0.042,-0.059,-0.058,0.015,0.035,0.303,0.074,0.176,0.224,0.031,0.185,-0.131,-0.171],[-0.087,-0.125,-0.078,0.004,-0.147,-0.087,-0.069,-0.122,1.0,0.143,0.153,0.012,0.036,-0.062,-0.266,-0.126,-0.219,-0.253,0.032,-0.093,0.2,0.199],[-0.02,-0.041,-0.041,0.024,-0.088,-0.078,-0.013,-0.042,0.143,1.0,0.254,-0.035,0.032,-0.044,-0.104,-0.068,-0.045,-0.048,-0.091,0.065,0.11,0.08],[-0.039,-0.061,-0.04,0.006,-0.062,-0.031,-0.041,-0.059,0.153,0.254,1.0,0.021,0.03,-0.032,-0.123,-0.059,-0.064,-0.081,-0.065,-0.01,0.154,0.151],[-0.029,-0.004,-0.012,-0.024,-0.049,0.102,-0.017,-0.058,0.012,-0.035,0.021,1.0,-0.01,0.005,-0.037,0.025,-0.026,-0.038,0.006,-0.035,0.024,0.054],[0.019,0.038,0.042,0.118,-0.018,-0.023,0.009,0.015,0.036,0.032,0.03,-0.01,1.0,-0.233,-0.041,-0.053,-0.008,0.007,-0.019,0.138,0.123,0.158],[0.031,0.017,0.013,-0.058,0.058,0.049,0.035,0.035,-0.062,-0.044,-0.032,0.005,-0.233,1.0,0.166,0.192,0.149,0.118,-0.045,-0.12,-0.101,-0.203],[0.258,0.301,0.208,0.047,0.239,0.163,0.178,0.303,-0.266,-0.104,-0.123,-0.037,-0.041,0.166,1.0,0.302,0.524,0.457,-0.006,0.152,-0.285,-0.37],[0.065,0.056,0.062,-0.008,0.085,0.092,0.07,0.074,-0.126,-0.068,-0.059,0.025,-0.053,0.192,0.302,1.0,0.354,0.234,-0.081,-0.092,-0.102,-0.21],[0.182,0.161,0.122,0.032,0.121,0.116,0.149,0.176,-0.219,-0.045,-0.064,-0.026,-0.008,0.149,0.524,0.354,1.0,0.478,-0.043,0.099,-0.155,-0.267],[0.213,0.224,0.145,0.041,0.197,0.122,0.177,0.224,-0.253,-0.048,-0.081,-0.038,0.007,0.118,0.457,0.234,0.478,1.0,-0.07,0.204,-0.193,-0.32],[0.086,0.052,0.031,-0.022,0.043,0.094,0.003,0.031,0.032,-0.091,-0.065,0.006,-0.019,-0.045,-0.006,-0.081,-0.043,-0.07,1.0,-0.027,0.019,0.127],[0.222,0.344,0.272,0.09,-0.037,0.121,0.127,0.185,-0.093,0.065,-0.01,-0.035,0.138,-0.12,0.152,-0.092,0.099,0.204,-0.027,1.0,-0.102,-0.128],[-0.1,-0.141,-0.071,0.002,-0.104,-0.162,-0.076,-0.131,0.2,0.11,0.154,0.024,0.123,-0.101,-0.285,-0.102,-0.155,-0.193,0.019,-0.102,1.0,0.449],[-0.141,-0.171,-0.085,0.014,-0.1,-0.124,-0.129,-0.171,0.199,0.08,0.151,0.054,0.158,-0.203,-0.37,-0.21,-0.267,-0.32,0.127,-0.128,0.449,1.0]],"type":"heatmap","xaxis":"x","yaxis":"y","hovertemplate":"x: %{x}\u003cbr\u003ey: %{y}\u003cbr\u003ecolor: %{z}\u003cextra\u003e\u003c\u002fextra\u003e"}],                        {"template":{"data":{"histogram2dcontour":[{"type":"histogram2dcontour","colorbar":{"outlinewidth":0,"ticks":""},"colorscale":[[0.0,"#0d0887"],[0.1111111111111111,"#46039f"],[0.2222222222222222,"#7201a8"],[0.3333333333333333,"#9c179e"],[0.4444444444444444,"#bd3786"],[0.5555555555555556,"#d8576b"],[0.6666666666666666,"#ed7953"],[0.7777777777777778,"#fb9f3a"],[0.8888888888888888,"#fdca26"],[1.0,"#f0f921"]]}],"choropleth":[{"type":"choropleth","colorbar":{"outlinewidth":0,"ticks":""}}],"histogram2d":[{"type":"histogram2d","colorbar":{"outlinewidth":0,"ticks":""},"colorscale":[[0.0,"#0d0887"],[0.1111111111111111,"#46039f"],[0.2222222222222222,"#7201a8"],[0.3333333333333333,"#9c179e"],[0.4444444444444444,"#bd3786"],[0.5555555555555556,"#d8576b"],[0.6666666666666666,"#ed7953"],[0.7777777777777778,"#fb9f3a"],[0.8888888888888888,"#fdca26"],[1.0,"#f0f921"]]}],"heatmap":[{"type":"heatmap","colorbar":{"outlinewidth":0,"ticks":""},"colorscale":[[0.0,"#0d0887"],[0.1111111111111111,"#46039f"],[0.2222222222222222,"#7201a8"],[0.3333333333333333,"#9c179e"],[0.4444444444444444,"#bd3786"],[0.5555555555555556,"#d8576b"],[0.6666666666666666,"#ed7953"],[0.7777777777777778,"#fb9f3a"],[0.8888888888888888,"#fdca26"],[1.0,"#f0f921"]]}],"heatmapgl":[{"type":"heatmapgl","colorbar":{"outlinewidth":0,"ticks":""},"colorscale":[[0.0,"#0d0887"],[0.1111111111111111,"#46039f"],[0.2222222222222222,"#7201a8"],[0.3333333333333333,"#9c179e"],[0.4444444444444444,"#bd3786"],[0.5555555555555556,"#d8576b"],[0.6666666666666666,"#ed7953"],[0.7777777777777778,"#fb9f3a"],[0.8888888888888888,"#fdca26"],[1.0,"#f0f921"]]}],"contourcarpet":[{"type":"contourcarpet","colorbar":{"outlinewidth":0,"ticks":""}}],"contour":[{"type":"contour","colorbar":{"outlinewidth":0,"ticks":""},"colorscale":[[0.0,"#0d0887"],[0.1111111111111111,"#46039f"],[0.2222222222222222,"#7201a8"],[0.3333333333333333,"#9c179e"],[0.4444444444444444,"#bd3786"],[0.5555555555555556,"#d8576b"],[0.6666666666666666,"#ed7953"],[0.7777777777777778,"#fb9f3a"],[0.8888888888888888,"#fdca26"],[1.0,"#f0f921"]]}],"surface":[{"type":"surface","colorbar":{"outlinewidth":0,"ticks":""},"colorscale":[[0.0,"#0d0887"],[0.1111111111111111,"#46039f"],[0.2222222222222222,"#7201a8"],[0.3333333333333333,"#9c179e"],[0.4444444444444444,"#bd3786"],[0.5555555555555556,"#d8576b"],[0.6666666666666666,"#ed7953"],[0.7777777777777778,"#fb9f3a"],[0.8888888888888888,"#fdca26"],[1.0,"#f0f921"]]}],"mesh3d":[{"type":"mesh3d","colorbar":{"outlinewidth":0,"ticks":""}}],"scatter":[{"fillpattern":{"fillmode":"overlay","size":10,"solidity":0.2},"type":"scatter"}],"parcoords":[{"type":"parcoords","line":{"colorbar":{"outlinewidth":0,"ticks":""}}}],"scatterpolargl":[{"type":"scatterpolargl","marker":{"colorbar":{"outlinewidth":0,"ticks":""}}}],"bar":[{"error_x":{"color":"#2a3f5f"},"error_y":{"color":"#2a3f5f"},"marker":{"line":{"color":"#E5ECF6","width":0.5},"pattern":{"fillmode":"overlay","size":10,"solidity":0.2}},"type":"bar"}],"scattergeo":[{"type":"scattergeo","marker":{"colorbar":{"outlinewidth":0,"ticks":""}}}],"scatterpolar":[{"type":"scatterpolar","marker":{"colorbar":{"outlinewidth":0,"ticks":""}}}],"histogram":[{"marker":{"pattern":{"fillmode":"overlay","size":10,"solidity":0.2}},"type":"histogram"}],"scattergl":[{"type":"scattergl","marker":{"colorbar":{"outlinewidth":0,"ticks":""}}}],"scatter3d":[{"type":"scatter3d","line":{"colorbar":{"outlinewidth":0,"ticks":""}},"marker":{"colorbar":{"outlinewidth":0,"ticks":""}}}],"scattermapbox":[{"type":"scattermapbox","marker":{"colorbar":{"outlinewidth":0,"ticks":""}}}],"scatterternary":[{"type":"scatterternary","marker":{"colorbar":{"outlinewidth":0,"ticks":""}}}],"scattercarpet":[{"type":"scattercarpet","marker":{"colorbar":{"outlinewidth":0,"ticks":""}}}],"carpet":[{"aaxis":{"endlinecolor":"#2a3f5f","gridcolor":"white","linecolor":"white","minorgridcolor":"white","startlinecolor":"#2a3f5f"},"baxis":{"endlinecolor":"#2a3f5f","gridcolor":"white","linecolor":"white","minorgridcolor":"white","startlinecolor":"#2a3f5f"},"type":"carpet"}],"table":[{"cells":{"fill":{"color":"#EBF0F8"},"line":{"color":"white"}},"header":{"fill":{"color":"#C8D4E3"},"line":{"color":"white"}},"type":"table"}],"barpolar":[{"marker":{"line":{"color":"#E5ECF6","width":0.5},"pattern":{"fillmode":"overlay","size":10,"solidity":0.2}},"type":"barpolar"}],"pie":[{"automargin":true,"type":"pie"}]},"layout":{"autotypenumbers":"strict","colorway":["#636efa","#EF553B","#00cc96","#ab63fa","#FFA15A","#19d3f3","#FF6692","#B6E880","#FF97FF","#FECB52"],"font":{"color":"#2a3f5f"},"hovermode":"closest","hoverlabel":{"align":"left"},"paper_bgcolor":"white","plot_bgcolor":"#E5ECF6","polar":{"bgcolor":"#E5ECF6","angularaxis":{"gridcolor":"white","linecolor":"white","ticks":""},"radialaxis":{"gridcolor":"white","linecolor":"white","ticks":""}},"ternary":{"bgcolor":"#E5ECF6","aaxis":{"gridcolor":"white","linecolor":"white","ticks":""},"baxis":{"gridcolor":"white","linecolor":"white","ticks":""},"caxis":{"gridcolor":"white","linecolor":"white","ticks":""}},"coloraxis":{"colorbar":{"outlinewidth":0,"ticks":""}},"colorscale":{"sequential":[[0.0,"#0d0887"],[0.1111111111111111,"#46039f"],[0.2222222222222222,"#7201a8"],[0.3333333333333333,"#9c179e"],[0.4444444444444444,"#bd3786"],[0.5555555555555556,"#d8576b"],[0.6666666666666666,"#ed7953"],[0.7777777777777778,"#fb9f3a"],[0.8888888888888888,"#fdca26"],[1.0,"#f0f921"]],"sequentialminus":[[0.0,"#0d0887"],[0.1111111111111111,"#46039f"],[0.2222222222222222,"#7201a8"],[0.3333333333333333,"#9c179e"],[0.4444444444444444,"#bd3786"],[0.5555555555555556,"#d8576b"],[0.6666666666666666,"#ed7953"],[0.7777777777777778,"#fb9f3a"],[0.8888888888888888,"#fdca26"],[1.0,"#f0f921"]],"diverging":[[0,"#8e0152"],[0.1,"#c51b7d"],[0.2,"#de77ae"],[0.3,"#f1b6da"],[0.4,"#fde0ef"],[0.5,"#f7f7f7"],[0.6,"#e6f5d0"],[0.7,"#b8e186"],[0.8,"#7fbc41"],[0.9,"#4d9221"],[1,"#276419"]]},"xaxis":{"gridcolor":"white","linecolor":"white","ticks":"","title":{"standoff":15},"zerolinecolor":"white","automargin":true,"zerolinewidth":2},"yaxis":{"gridcolor":"white","linecolor":"white","ticks":"","title":{"standoff":15},"zerolinecolor":"white","automargin":true,"zerolinewidth":2},"scene":{"xaxis":{"backgroundcolor":"#E5ECF6","gridcolor":"white","linecolor":"white","showbackground":true,"ticks":"","zerolinecolor":"white","gridwidth":2},"yaxis":{"backgroundcolor":"#E5ECF6","gridcolor":"white","linecolor":"white","showbackground":true,"ticks":"","zerolinecolor":"white","gridwidth":2},"zaxis":{"backgroundcolor":"#E5ECF6","gridcolor":"white","linecolor":"white","showbackground":true,"ticks":"","zerolinecolor":"white","gridwidth":2}},"shapedefaults":{"line":{"color":"#2a3f5f"}},"annotationdefaults":{"arrowcolor":"#2a3f5f","arrowhead":0,"arrowwidth":1},"geo":{"bgcolor":"white","landcolor":"#E5ECF6","subunitcolor":"white","showland":true,"showlakes":true,"lakecolor":"white"},"title":{"x":0.05},"mapbox":{"style":"light"}}},"xaxis":{"anchor":"y","domain":[0.0,1.0]},"yaxis":{"anchor":"x","domain":[0.0,1.0],"autorange":"reversed"},"coloraxis":{"colorscale":[[0.0,"rgb(5,48,97)"],[0.1,"rgb(33,102,172)"],[0.2,"rgb(67,147,195)"],[0.3,"rgb(146,197,222)"],[0.4,"rgb(209,229,240)"],[0.5,"rgb(247,247,247)"],[0.6,"rgb(253,219,199)"],[0.7,"rgb(244,165,130)"],[0.8,"rgb(214,96,77)"],[0.9,"rgb(178,24,43)"],[1.0,"rgb(103,0,31)"]],"cmin":-1,"cmax":1},"title":{"text":"🔥 Feature Correlation Matrix"}},                        {"displayModeBar": false, "responsive": true}                    )                };                            </script>        </div>
</body>
</html>